#INFOFILE1.1 - Do not remove this line!
VhclStartCond.Kind = value
VhclStartCond.Fr1.t_0 = 17.38658	-51.38098	0.01066
VhclStartCond.Fr1.r_zyx = 0.003	0.386	327.481  # deg
VhclStartCond.Fr1.v_0 = 0.000	0.000	0.000
VhclStartCond.Fr1B.r_xyz = 0.000	0.000	0.000  # deg
VhclStartCond.SuspFL.q = -0.00103	0.00000	0.00000
VhclStartCond.SuspFL.Spring.Frc = 3826.68
VhclStartCond.SuspFL.Spring.l = 0.00103
VhclStartCond.SuspFL.Spring.Param = 0.06481
VhclStartCond.TFL.Frc_W = -26.31	-321.58	4412.63
VhclStartCond.TFL.Radius = 0.31616
VhclStartCond.WFL.rotv = 0.0000
VhclStartCond.SuspFR.q = -0.00099	0.00000	0.00000
VhclStartCond.SuspFR.Spring.Frc = 3829.00
VhclStartCond.SuspFR.Spring.l = 0.00099
VhclStartCond.SuspFR.Spring.Param = 0.06481
VhclStartCond.TFR.Frc_W = -26.35	332.79	4417.28
VhclStartCond.TFR.Radius = 0.31614
VhclStartCond.WFR.rotv = 0.0000
VhclStartCond.SuspRL.q = -0.00022	-0.00016	0.00000
VhclStartCond.SuspRL.Spring.Frc = 3097.20
VhclStartCond.SuspRL.Spring.l = 0.00022
VhclStartCond.SuspRL.Spring.Param = 0.04446
VhclStartCond.TRL.Frc_W = 31.77	-220.89	3644.49
VhclStartCond.TRL.Radius = 0.33560
VhclStartCond.WRL.rotv = 0.0000
VhclStartCond.SuspRR.q = -0.00016	-0.00022	0.00000
VhclStartCond.SuspRR.Spring.Frc = 3101.17
VhclStartCond.SuspRR.Spring.l = 0.00016
VhclStartCond.SuspRR.Spring.Param = 0.04446
VhclStartCond.TRR.Frc_W = 31.69	229.33	3651.27
VhclStartCond.TRR.Radius = 0.33558
VhclStartCond.WRR.rotv = 0.0000
TestRun.StartTime1970 = 1655213822  2022-06-14 15:37:02
TestRun.StartNo = 14
